9508
8374
8861
577
9161
6496
7460
2433
118
2040
8379
4176
1397
3778
9990
9820
8142
188
7893
9579
7180
740
4126
9377
8559
1717
598
7058
8809
6391
5008
7522
5351
1348
4503
2739
2321
7499
9403
5752
7783
753
4336
2000
8225
8100
481
9428
4414
9148
1
1408
5744
5754
7346
3564
1867
2384
6631
1515
9868
7987
7822
4741
3532
3816
6584
7210
2696
3020
215
3634
6919
3108
7280
451
4539
273
3852
9944
39
949
6673
2736
2797
6625
6813
2650
4937
7530
2572
5577
9792
9167
6273
4286
9468
2268
7893
5650
6614
6781
5870
1744
8762
9126
8690
2201
2817
2583
3928
4739
2083
7822
7050
7557
1478
7700
6398
7355
3974
7229
4998
3634
6024
5839
2037
7768
5445
7729
5553
6890
9279
6307
8376
8190
7880
8767
3316
8657
9125
5949
5725
6553
3840
7330
8249
5725
8444
5429
3306
8524
6946
8605
2621
1297
5757
3977
899
2826
1487
8878
2995
632
3114
2542
5260
5163
4817
343
213
2976
795
7578
4214
441
8662
7313
1915
245
6492
2626
6030
9682
490
9072
3260
8730
6770
7481
9969
5281
2415
9079
1622
5882
5172
6793
5832
7014
2583
1499
5957
7583
1110
708
8936
45
8247
5386
1186
8990
4227
906
6696
8519
8845
6295
8913
3383
6365
8070
6063
6499
566
3227
3421
3129
202
6
7015
1706
1168
5361
1780
5670
4729
818
2601
9107
980
6234
9282
5317
9457
5235
5955
6368
7506
5056
8103
6062
8066
4586
8718
9088
4880
496
1742
2554
3613
9589
5261
5856
3435
7433
606
9541
4571
785
4871
4336
6831
5069
9093
8822
5123
6626
3208
1582
6315
2330
7923
2084
8470
6517
3505
3092
3001
634
7307
4699
2127
1108
6561
8583
7955
6148
6978
8038
7329
5277
6532
2458
2875
788
3716
8692
3224
2370
1800
7834
2883
967
7240
3238
9687
4878
8406
2646
8343
7392
7317
7559
9107
6369
5025
2090
600
4704
635
3588
6519
2419
9359
1960
5315
5114
8309
1249
2882
3821
2311
6780
8579
4756
3381
5977
9274
478
7378
2022
1566
8292
6495
6067
7682
4405
7802
7966
5276
5430
6106
6767
498
2140
9474
1078
5046
9121
7349
4599
5485
5626
9995
6883
8793
2991
676
7672
1268
9497
2913
8052
4663
2342
7583
8700
6210
4535
7239
1476
4107
6764
3795
5073
1263
1551
8744
7004
512
8851
904
3331
9412
9505
7867
7861
8271
5283
3749
6616
4132
9219
8529
2688
6975
4788
4105
5264
8388
6650
3574
5494
535
8664
3063
2476
6688
7851
2391
2228
1510
2279
6559
6497
5255
4265
5612
8249
6988
5587
5192
8637
2440
8586
6
8445
2797
3083
6072
5654
4293
1639
8649
1128
4384
2879
3938
2328
6381
2950
4736
6200
3351
3176
2815
9282
5533
4722
2280
2085
1156
2038
8469
2504
6605
3129
4650
2859
4519
196
3929
2493
466
4095
9685
6877
2256
8728
1692
8550
9443
9594
3081
9770
1891
580
828
6381
3608
7013
9977
4812
9218
2338
5440
8103
7912
2776
3645
9875
235
1275
8942
6493
9417
8781
2192
4978
5501
4676
6460
7221
5283
6991
9748
4624
8341
9475
5336
5790
2823
2117
3623
3281
2505
832
2621
2990
9656
7494
7911
3475
5846
7623
9874
2448
9480
7796
3380
8264
3203
4689
827
3659
559
8366
9213
1906
8983
3507
8384
8185
5369
7654
8374
7526
19
6511
6848
7129
5832
3103
4548
5033
535
2419
8179
5741
9710
4822
883
4365
2413
2252
1390
5666
1942
663
3414
5395
6719
7750
7975
4466
3472
6050
8020
4360
9351
740
444
8454
961
4498
6894
8328
3706
4110
9443
7623
4254
8575
9420
93
5292
8583
6954
6696
8850
4874
8022
6791
2694
6455
4614
8153
4266
6275
7954
9410
7977
2552
3460
7067
7448
7817
8131
541
6641
4649
9579
6118
733
15
9224
4435
5204
1463
231
4550
8640
5472
6692
7345
8295
9764
3055
6258
4279
5713
2290
2929
2066
2364
6093
9102
688
8270
911
9810
4198
4368
2578
4037
8910
5225
7716
9617
7335
9180
6688
2156
5386
6496
5964
210
9895
6835
1978
4907
3659
1473
6005
4848
346
9948
9678
2765
1494
1475
3511
5015
4170
3716
6018
3720
6264
6811
6132
4438
5944
9126
7521
8424
6235
9660
8504
2111
1492
918
8714
465
368
3443
2714
4421
4907
363
6496
15
464
2476
5015
1303
7113
5125
7072
7101
6264
3260
8157
2997
8781
2121
2305
574
2735
1150
4352
6868
3727
2237
2492
1683
3919
8759
7678
1012
6495
1201
3429
7587
7631
6585
1509
2139
7086
8051
208
7803
8874
9262
7062
5087
8809
255
6262
714
8052
5104
862
76
5795
2957
31
7987
6630
2183
8721
6184
7635
625
3852
3047
550
9861
2273
9208
3654
401
6719
6382
2399
9389
3024
2804
7570
5360
3628
8894
6223
4234
985
6692
3655
4732
1337
2739
743
2291
6540
6804
9325
9150
4936
7471
3010
6787
443
7661
6696
3170
3212
2190
8592
8870
449
3406
4350
314
3384
4584
274
4484
3026
5069
7483
6552
5966
1801
9449
1460
1067
8769
3421
3766
6999
4525
1563
7479
5715
3747
6171
9273
1171
5932
1357
36
8969
4663
4302
3434
8134
7915
2353
5493
1134
5153
8368
7951
8131
971
1552
8945
7350
6987
361
2832
2485
6947
3403
7259
3161
4758
6703
2447
5424
1698
7090
890
8009
7630
4496
2455
8076
5115
7576
6322
900
3767
530
5463
6384
8372
2538
6897
4043
6600
7124
2592
8723
7710
5547
9626
1408
3801
4719
3823
1503
8571
6491
2712
4613
3256
1553
173
5640
6638
3818
8257
2060
2018
2910
8971
9214
5885
2680
8213
7218
8225
5208
9472
6165
9699
4615
7118
9885
4199
6931
489
4689
8280
2549
6830
4116
6502
4722
8883
4035
5137
6035
9518
5304
7198
877
5586
9370
221
8578
3007
4473
7305
8615
5209
9233
8069
8261
7741
4367
6303
4455
1043
7546
7212
943
3867
4528
964
275
1902
1831
2263
8080
2765
3543
4335
1091
2004
3756
5731
1980
3417
1096
4328
2259
1493
8218
464
924
1103
3383
8603
3510
9479
5554
5116
6166
720
1774
9222
8846
9451
6050
8537
7216
450
2317
2663
8466
2728
2018
8901
1721
4781
1734
482
7960
5922
5106
1835
3906
8643
2139
7821
8043
2705
3482
7327
8161
2992
1597
7656
5399
1829
9366
950
5418
8220
1885
7027
5479
1600
5712
735
8631
9902
5205
3767
2036
3055
4523
5317
9639
8691
6680
8253
2984
1367
3877
3440
5737
3186
3382
9711
6773
6587
8548
1885
4901
9440
3012
9968
4015
5216
1094
9021
23
2968
6812
3277
9237
7618
5133
585
7398
9758
7179
9398
916
7196
9317
3017
4446
9832
6441
3090
7708
5025
6370
8342
4959
2923
8224
3523
925
8143
6755
8342
4383
1537
2836
1538
1066
9779
3184
7585
3032
993
9491
4451
4296
6902
3677
1028
3289
6431
7376
9042
9275
4108
1510
6056
9970
4979
6994
1793
6527
1469
255
1659
9824
8140
64
4790
8129
2646
5803
5871
7512
9956
3571
3537
2658
9249
2807
887
7482
5541
6563
7514
7429
2674
5724
4958
5744
1858
5480
3249
3341
5845
2427
3587
7359
381
27
9640
4997
3580
1442
6634
6608
3544
7673
8414
9026
4160
6462
6271
5087
8748
1613
3023
6425
7378
1143
5776
4869
7935
1910
5977
5827
3303
9138
8146
380
7757
3863
293
6378
5044
7912
5703
60
1746
5742
2791
5678
7150
4165
1508
3661
5001
4744
6941
6999
5942
9609
9536
2052
6219
3705
7302
452
8475
6271
9360
6839
2414
5554
6277
9953
8106
7759
676
7733
650
4210
7536
1500
5726
9758
9417
5862
5036
3187
9016
8052
1336
8896
8922
8113
5158
534
1467
1666
4341
5138
2806
4513
77
9974
1123
3465
7451
2566
7979
7840
9190
4522
17
2864
7726
1387
7063
9891
3241
1111
1284
3518
3734
9121
3070
8183
71
9238
445
7567
5631
4693
1248
1112
3589
4938
6865
2675
8366
2634
3045
7156
5012
259
235
4640
7342
374
9471
5539
6270
1407
2613
4649
9479
6807
1180
4352
2570
618
8777
5430
1633
3691
7951
8700
1194
7683
6031
7193
1059
8722
2819
8784
2393
7909
1796
2491
3022
2879
2707
2341
5869
804
4069
3628
9279
6482
1045
5434
3030
2918
9311
3549
8937
7554
5369
4487
4752
7364
2467
969
3688
3831
4327
8107
7823
9610
9576
1976
9431
5935
7200
8701
220
6955
8081
9415
6841
5199
9378
3352
5809
6157
4536
458
2322
3547
7260
6016
8506
1162
953
7604
2928
4447
5864
8564
8490
2170
9067
589
7686
5985
7865
2888
223
3034
2508
3280
4379
397
1012
3787
3468
4724
2622
1619
7713
7011
8715
7520
1525
5869
3258
8081
8470
8388
1422
4070
8716
1850
7368
4417
2053
8596
513
1469
6841
3984
7452
1614
6262
5513
4729
9525
2468
3044
2349
3578
8827
6268
8834
3219
7517
3876
11
7950
2405
14
9716
4898
4967
2520
9025
422
4381
9001
6467
9977
6956
7200
228
2770
1778
3781
7071
3430
6716
337
4683
4062
9538
6781
9777
5422
9801
8074
7253
4989
3472
781
6308
8563
1391
7537
5350
8874
918
6622
9508
7323
4515
8031
2115
269
2066
3766
5222
3672
5309
8503
4265
4470
5431
4554
6072
7834
2438
8336
9267
666
5685
6516
5147
1643
8512
7047
1891
9783
3356
9729
2731
8139
7827
8162
6882
4417
2352
784
7809
396
7621
4640
3473
580
1180
1742
2506
5693
2953
7333
6372
2023
7357
3574
4677
1242
2679
8331
3371
8310
9155
9546
7816
5633
6782
7252
4272
9232
1678
2365
5729
9368
427
9580
6873
3600
2053
4176
7862
2287
8031
7077
1653
8028
4993
5249
1257
2342
228
5824
1384
7206
5950
3287
6451
7754
2446
6621
1554
2795
5052
436
4398
3240
1723
5611
4921
558
9811
8571
4952
6006
8353
935
2310
9178
1373
7110
1879
978
5302
5697
6744
5293
6580
9416
2024
6256
9566
3884
6775
1866
3803
6799
8593
5928
658
7234
6086
8071
381
5103
2703
3893
4738
713
4311
7358
8180
1904
8425
5261
3883
5406
8664
4169
3812
168
1566
2684
172
5094
9837
1410
3585
7296
7766
2277
8340
7994
386
7306
8526
2091
7688
9615
4065
3144
77
61
5622
2806
971
8345
3903
3980
1493
8825
3901
1100
1522
7544
9327
1211
2586
6134
1923
2889
2061
641
3507
2158
9005
1821
3071
7820
2732
1787
9022
9709
5572
449
9979
9074
9035
9432
1000
4226
2451
9950
2146
9681
2521
3105
7541
9466
16
8383
7352
3622
706
5078
9519
9920
1068
3317
4332
196
903
6477
5466
2279
3818
1597
5454
6378
7358
3364
4689
3798
1605
8326
958
506
1493
963
1122
7407
3011
4301
9138
7719
9299
5116
8120
3154
1537
5501
4010
8621
7611
4193
288
7145
7153
808
1603
4438
1812
9013
4379
3279
8160
2458
2645
1203
640
5519
3377
9266
3476
2566
8357
9048
8992
3868
1570
8232
5377
8315
6880
1231
4133
8718
5229
9732
9538
762
8531
4768
8104
2007
476
2537
3336
5658
5758
5529
8119
9227
6909
7830
7648
7481
4148
7151
4358
1647
9643
2463
3990
462
8829
6986
3885
2964
5283
4515
1620
5138
2008
3582
2899
7124
3589
8574
4676
5266
1417
4022
2193
7755
696
9129
2615
8861
4907
963
1782
8574
3579
5468
8629
5573
1100
9011
5802
6368
3542
3416
1375
461
3796
8010
3478
5030
4665
6746
1635
2050
3864
1449
2953
7765
9211
8963
9758
8301
2918
2672
4656
8020
8469
6522
4628
9281
2098
2966
2735
4661
3317
9198
4087
1046
8186
7802
5869
2708
8222
1937
662
8835
9366
2182
5219
2641
5812
4904
4705
8136
9257
287
7766
6175
9649
6056
9713
6280
3606
5516
2424
19
1135
6670
1890
2591
2873
3113
6859
1102
1352
7967
4908
8964
1226
3225
8122
1433
2070
5464
160
531
3881
8291
6369
8402
3915
4925
9154
4687
8061
659
9709
8583
5060
1006
2549
9640
755
8295
7515
1008
7806
3820
7394
389
3962
8825
121
4509
8526
6959
9412
1085
1579
6051
545
6724
9378
3532
2335
3084
5315
7740
9623
7038
715
1952
9499
1249
7508
5067
2532
790
2457
5907
6274
1083
8527
8368
2865
7854
9874
3636
4591
8060
6179
1714
6696
8172
4360
9587
8378
1147
9519
7929
8404
1776
7708
2488
2546
5982
4904
5465
4645
2011
3857
4060
9370
6040
9984
1297
6345
5614
4484
3873
2105
9847
1521
2310
2134
1642
5822
2808
1526
3699
4650
2970
9294
2737
9829
7056
7860
5946
1203
1043
6602
1482
5911
2119
7704
3007
3766
4995
4470
7765
3172
3740
5753
1934
9965
359
9526
1976
3596
4246
5253
8497
8762
9779
178
7990
1533
6957
7388
7859
4699
7695
6543
4004
4575
281
6201
785
6319
9329
6965
3953
2870
4107
6022
9229
8372
6292
952
9527
3593
3253
7126
4492
5155
3074
6248
774
3250
176
9292
1868
3801
6779
4822
3438
5045
4447
3692
5536
1121
4305
3819
9578
4845
2343
2293
9736
2598
3466
4771
4419
7885
4290
9320
107
7142
7809
7787
1979
1974
8116
5673
8788
3716
2422
1095
5410
82
5518
1945
8203
1778
5599
9202
6568
6046
2795
3519
1008
1280
5080
60
3248
2766
5439
5587
4263
3857
7639
8522
2760
286
6601
5681
2947
5671
2589
4893
358
9574
2624
8606
1378
467
4471
6243
963
5878
6307
8178
2587
9715
3967
9221
5822
4993
6534
6345
9286
1228
1166
4775
6628
4199
1606
450
449
1660
4429
8733
1162
411
3844
1139
7615
1508
8759
5672
3361
782
4709
7620
3031
9637
2665
8840
5890
2579
3939
3523
4076
7336
2988
5369
5004
9099
1828
6216
639
3403
754
3802
7923
4817
8390
4378
1444
9643
2061
8801
7205
5299
2926
6311
5642
5171
1585
9323
2244
6830
4049
9366
2285
1930
3018
1814
4852
4801
5377
2584
8582
7678
9597
4544
6738
462
2161
5041
6143
5670
6375
2655
9952
9551
5679
9061
7164
7311
2969
9861
1057
206
7881
520
5190
6398
5910
3116
2539
1574
2303
2770
8189
7896
3086
7553
781
4733
2206
7645
6472
6059
7760
9834
3588
5739
5058
5117
4004
9540
3785
9922
2327
9089
372
2488
8039
5021
174
4563
1229
3461
9219
1050
9243
1403
6383
1178
7209
3846
9723
8932
6298
5052
3129
5795
8928
5093
5713
8511
2620
5920
2890
4412
5844
1506
7913
6547
6654
4309
6416
3271
2267
5426
4369
2151
3574
6730
4592
4846
8156
3432
6955
2369
3103
7375
4978
887
8845
242
3260
25
9733
2913
3654
5404
5311
2647
6591
8433
812
4285
1423
3761
2907
3442
3996
6752
3262
5778
3596
5618
8275
9788
1010
7747
5209
8499
1767
4183
5990
2929
3798
8968
5669
3044
7282
8453
8839
577
996
6029
6499
1361
5017
6775
7042
3732
5996
307
2139
8759
7930
7952
678
9484
4764
8754
988
226
1534
8042
1714
9052
6031
3873
6743
4922
6004
7082
2432
4729
4075
84
5327
9785
2154
2837
1527
8643
9144
7355
5835
3678
4510
4932
3262
6258
6221
8954
7014
9277
8640
8143
1110
8956
9935
7220
7780
381
5263
1572
706
323
1075
8957
4046
8736
3539
4297
1909
6394
8512
2273
2479
6528
2310
2055
6240
9660
546
1035
8498
289
2838
3945
2985
6932
6830
2438
8659
8036
7101
7830
956
4642
5449
4354
7283
1524
1045
4498
8869
6539
181
2665
1944
9491
6394
7322
7113
3139
3940
8280
4520
7288
8914
2859
7282
2837
5436
7661
1880
8595
64
8001
8582
9897
2753
6373
3162
8045
6571
8347
6944
2447
4959
9038
1263
1610
6422
6067
7021
1546
3863
261
7594
3735
3256
4343
8002
5408
9170
3153
153
7754
6223
7189
9580
3524
5263
8457
5365
2057
5639
7728
715
375
378
9120
8969
4643
2651
3436
342
6395
1951
4037
6325
8272
7473
3262
6175
4755
9479
301
5267
9252
1575
620
6355
4956
7688
4773
9735
1890
3
1127
6720
4549
9323
2002
2359
6868
6716
6755
5231
9416
8068
6565
2840
4573
6388
6248
2142
7572
9295
7775
918
4211
4232
960
7470
6047
8734
5173
8866
1725
3613
5946
7223
5560
3624
3300
1498
3618
1986
3119
8643
8060
1219
7150
3478
6506
3688
1220
4322
3815
7795
3404
299
1479
4446
8542
9319
9855
9875
8954
4083
1416
7279
2521
7657
6102
6469
455
69
13
5122
977
8390
1400
6738
7187
3313
8510
6273
9616
43
52
7457
3028
5623
9612
6222
6331
5255
5016
2994
3860
1718
7240
3375
3939
5771
1050
6240
814
6082
8998
6313
8744
1991
7176
6977
2097
770
280
4059
1823
6862
7757
6365
5778
829
3595
4118
9965
8855
1120
7733
1625
2328
8337
4615
66
6761
8377
3810
4882
2916
9507
6689
9118
3487
1810
448
8723
4129
9773
2627
3470
7004
571
4417
5171
7788
1417
5950
6413
8899
3451
2390
2110
3948
879
5544
456
7726
9210
5438
7492
4922
9728
1337
5520
8491
7917
2407
9814
9314
8245
4539
8899
1690
4850
9745
4423
5788
5011
1014
3637
5999
2096
7069
5049
3022
4863
6067
2367
3242
6344
8500
4328
8562
462
9188
8376
8388
689
2856
2296
2309
7193
6033
9497
6884
8093
8767
648
8037
9766
2902
2859
7365
995
3232
8112
8775
7393
2039
1579
3657
2245
8060
2282
6198
56
9183
6035
9237
9478
437
4250
2855
5935
1818
9186
5616
7280
2670
1629
2028
2802
1908
3968
239
6708
8377
8374
2793
3581
350
3526
9132
5011
4314
3936
9178
9068
7125
4422
7905
9185
5064
2093
6990
3456
7199
7392
1743
5030
663
1131
2761
6186
635
9738
292
6786
1472
4299
8175
1492
68
6505
9439
9524
4051
8772
9155
6709
3135
8368
7853
4050
5428
2070
1743
4663
5250
961
8503
9772
8295
394
4490
869
7354
5668
2826
3098
6212
3605
9178
8096
8615
3507
6731
3272
2111
7090